4294967294,437
52,5
52,4
52,3
52,2
52,1
51,6
51,5
51,4
51,3
51,2
51,1
50,5
50,4
50,3
50,2
50,1
49,5
49,4
49,3
49,2
49,1
48,5
48,4
48,3
48,2
48,1
4294967279,383
4294967278,320
4294967279,382
47,4
47,3
47,2
47,1
4294967294,471
46,6
46,5
46,4
46,3
46,2
46,1
45,5
45,4
45,3
45,2
45,1
44,5
44,4
44,3
44,2
44,1
4294967278,575
4294967279,381
43,5
43,4
43,3
43,2
43,1
4294967279,380
4294967278,574
42,4
42,3
42,2
42,1
4294967279,379
4294967278,573
41,6
41,5
4294967278,572
4294967278,571
41,4
41,3
41,2
41,1
40,5
40,4
40,3
40,2
40,1
39,5
39,4
39,3
39,2
39,1
38,5
38,4
38,3
38,2
38,1
4294967279,378
4294967278,570
4294967278,569
4294967279,377
4294967279,376
4294967279,375
4294967278,568
4294967278,567
37,5
37,4
37,3
37,2
37,1
36,6
36,5
36,4
36,3
36,2
36,1
35,5
35,4
35,3
35,2
35,1
4294967278,566
4294967278,565
34,5
34,4
34,3
34,2
34,1
33,5
33,4
33,3
33,2
33,1
4294967279,374
4294967278,564
4294967279,373
4294967278,563
4294967278,562
4294967278,561
4294967279,372
4294967279,371
4294967279,370
32,5
32,4
32,3
32,2
32,1
31,6
31,5
31,4
31,3
31,2
31,1
30,5
30,4
30,3
30,2
30,1
4294967278,560
29,5
29,4
29,3
29,2
29,1
4294967279,369
4294967278,559
28,5
28,4
4294967279,368
28,3
28,2
28,1
4294967278,558
4294967278,557
4294967278,556
4294967279,367
4294967278,555
4294967279,366
4294967279,365
4294967278,554
4294967278,553
4294967279,364
4294967279,363
4294967279,362
4294967279,361
4294967278,552
4294967278,551
27,5
27,4
27,3
27,2
27,1
26,6
26,5
26,4
26,3
26,2
26,1
4294967279,360
25,5
25,4
25,3
25,2
25,1
4294967278,550
4294967279,359
4294967278,549
4294967278,548
24,5
24,4
24,3
24,2
24,1
4294967279,358
23,5
23,4
23,3
23,2
23,1
4294967279,357
4294967278,547
4294967279,356
4294967279,355
4294967278,546
4294967278,545
4294967279,354
4294967279,353
4294967278,544
4294967279,352
4294967278,543
4294967278,542
4294967278,541
4294967278,540
4294967279,351
4294967279,350
4294967278,539
4294967278,538
4294967279,349
4294967279,348
4294967278,537
4294967279,347
4294967279,346
4294967279,345
22,5
22,4
22,3
22,2
22,1
21,6
21,5
21,4
21,3
21,2
21,1
20,5
20,4
20,3
20,2
20,1
4294967278,536
4294967279,344
4294967279,343
19,5
19,4
19,3
19,2
19,1
4294967278,535
18,5
18,4
18,3
18,2
18,1
4294967278,534
4294967279,342
4294967278,533
4294967278,532
4294967279,341
4294967279,340
4294967278,531
4294967278,530
4294967279,339
4294967278,529
4294967279,338
4294967279,337
4294967278,528
17,4
17,3
17,2
17,1
4294967279,336
4294967278,527
4294967279,335
16,6
4294967278,526
16,5
16,4
16,3
16,2
16,1
4294967278,525
4294967279,334
4294967279,333
4294967278,524
15,5
4294967279,332
4294967278,523
4294967279,331
15,4
4294967278,522
15,3
15,2
15,1
4294967279,330
4294967278,521
4294967279,329
4294967278,520
4294967279,328
4294967278,519
4294967279,327
4294967279,326
4294967278,518
4294967279,325
14,5
14,4
14,3
14,2
14,1
4294967279,324
4294967279,323
13,5
13,4
13,3
13,2
13,1
4294967278,517
4294967279,322
4294967278,516
4294967279,321
4294967278,515
4294967279,320
4294967279,254
4294967278,514
4294967278,513
4294967279,319
4294967278,512
4294967279,318
4294967279,317
12,5
12,4
12,3
12,2
12,1
4294967278,319
4294967279,316
4294967278,318
4294967278,317
11,6
4294967278,316
4294967279,315
4294967279,314
11,5
11,4
11,3
11,2
11,1
4294967278,315
4294967279,313
4294967278,314
4294967278,313
10,5
10,4
10,3
10,2
10,1
4294967279,312
4294967278,312
4294967279,311
4294967279,310
9,5
9,4
9,3
9,2
9,1
4294967278,311
4294967279,309
4294967278,310
4294967278,309
8,5
8,4
8,3
